$0
1602
1603
1593
1592
1593
1552
1565
1556
1541
1545
1536
1519
1504
1487
1508
1500
1488
1477
1469
1470
1462
1445
1422
1417
1424
1418
1404
1389
1392
1398
1371
1357
1388
1373
1369
1372
1371
1375
1368
1375
1376
1370
1373
1351
1381
1385
1372
1386
1385
1385
1375
1415
1407
1393
1415
1403
1416
1408
1402
1399
1405
1415
1399
1409
1377
1390
1383
1393
1361
1392
1382
1367
1391
1398
1392
1398
1391
1363
1379
1400
1365
1377
1367
1384
1368
1368
1354
1354
1363
1347
1300
1267
1254
1245
1211
1201
1227
1163
1157
1164
1169
1148
1147
1147
1141
1144
1110
1103
1103
1115
1121
1114
1111
1111
1103
1111
1111
1110
1110
1155
1119
1123
1125
1125
1147
1192
1195
1212
1212
1220
1252
1277
1292
1292
1333
1336
1392
1429
1429
1465
1483
1505
1509
1509
1489
1511
1535
1535
1539
1555
1569
1584
1584
1587
1608
1626
1645
1645
1673
1651
1677
1679
1679
1669
1683
1703
1735
1735
1754
1757
1735
1752
1752
1725
1726
1742
1719
1719
1715
1725
1679
1690
1690
1712
1706
1711
1712
1712
1705
1697
1740
1745
1745
1788
1786
1790
1816
1816
1779
1778
1791
1804
1804
1831
1834
1842
1849
1849
1863
1900
1938
1958
1958
1971
2008
2028
2063
2063
2086
2123
2161
2175
2175
2201
2228
2247
2247
2279
2299
2339
2361
2361
2386
2413
2420
2420
2420
2415
2471
2478
2471
2471
2537
2552
2559
2574
2574
2591
2609
2619
2629
2629
2649
2664
2662
2682
2682
2697
2698
2721
2706
2706
2723
2725
2742
2746
2746
2744
2769
2765
2788
2788
2795
2810
2840
2809
2809
2805
2813
2815
2815
2815
2784
2816
2792
2793
2793
2789
2780
2775
2770
2770
2752
2771
2761
2767
2767
2759
2770
2769
2769
2777
2773
2785
2792
2792
2791
2787
2759
2818
2818
2803
2812
2827
2823
2823
2827
2830
2831
2835
2835
2841
2845
2845
2852
2852
2865
2853
2865
2862
2862
2863
2873
2871
2878
2878
2884
2883
2887
2876
2876
2905
2894
2897
2894
2894
2894
2895
2865
2883
2883
2901
2895
2886
2870
2870
2871
2823
2828
2811
2811
2780
2754
2725
2690
2690
2645
2597
2537
2478
2478
2407
2338
2268
2209
2209
2166
2123
2092
2092
2079
2054
2033
1978
1978
1955
1959
1921
1905
1905
1893
1886
1871
1870
1870
1843
1839
1820
1804
1804
1784
1807
1814
1807
1807
1792
1783
1767
1781
1781
1767
1736
1711
1681
1681
1663
1622
1564
1510
1510
1473
1381
1263
1189
1189
1147
1076
991
934
934
942
888
904
907
907
880
907
863
836
836
853
798
783
758
758
710
696
647
596
596
620
614
573
573
558
572
671
695
695
450
608
396
396
396
398
395
446
453
453
441
426
375
467
467
466
422
403
497
497
509
399
326
267
267
335
266
358
359
359
319
444
491
469
469
204
231
257
179
179
214
205
271
275
275
330
291
278
220
220
243
264
233
268
268
315
302
241
269
269
267
254
301
267
267
274
270
286
286
281
243
251
280
280
253
234
225
244
244
253
237
238
270
270
244
255
264
267
267
281
273
287
296
296
287
280
329
298
298
266
267
246
248
248
232
264
254
255
255
265
265
246
246
246
229
231
248
264
264
254
265
264
275
275
254
267
265
261
261
272
283
303
328
328
325
322
289
320
320
280
284
274
276
276
272
275
289
289
281
302
292
284
284
287
286
285
297
297
271
279
276
284
284
292
297
290
292
292
295
300
299
307
307
317
318
306
308
308
303
305
303
305
305
332
315
330
324
324
300
303
302
325
325
298
288
283
291
291
312
301
293
254
254
279
271
279
283
283
283
278
292
289
289
298
295
285
291
291
287
293
292
292
303
318
317
317
317
327
338
325
310
310
330
330
326
319
319
306
317
303
303
303
277
269
271
270
270
265
269
276
266
266
275
235
259
263
263
269
263
263
277
277
275
268
286
269
269
280
286
304
309
309
299
313
310
322
322
317
305
316
315
315
312
291
295
286
286
288
280
295
289
289
301
295
299
299
302
300
305
317
317
315
294
311
301
301
310
328
326
316
316
332
312
336
312
312
291
315
308
307
307
303
294
287
297
297
274
293
308
314
314
323
308
307
332
332
325
317
318
326
326
319
326
326
310
310
336
332
335
312
312
329
332
333
330
330
324
328
312
329
329
312
312
314
291
291
302
313
315
326
326
314
322
323
323
328
330
333
328
328
333
318
320
321
321
353
319
327
339
339
364
330
314
322
322
314
327
317
317
317
319
329
314
311
311
315
321
298
305
305
303
298
302
304
304
312
324
310
356
356
289
285
296
310
310
304
305
291
292
292
291
297
298
293
293
297
291
292
272
272
287
301
301
303
303
308
312
326
326
320
307
334
327
327
324
320
314
322
322
322
325
330
322
322
321
322
320
308
308
308
312
323
314
314
308
330
310
319
319
353
352
370
380
380
373
369
367
377
377
367
371
379
376
376
373
361
363
361
361
371
370
357
357
357
350
356
359
347
347
349
356
359
343
343
353
352
357
352
352
355
362
365
365
349
348
353
353
353
337
347
346
340
340
358
348
361
364
364
363
352
369
360
360
353
365
356
353
353
347
349
336
354
354
364
357
353
374
374
346
353
352
329
329
352
345
355
352
352
360
364
352
355
355
354
364
365
369
369
362
363
371
364
364
348
341
343
357
357
361
372
370
367
367
373
365
377
377
364
372
375
369
369
342
341
340
348
348
321
345
357
356
356
331
344
338
336
336
337
337
345
354
354
345
344
354
343
343
341
346
339
339
339
338
340
343
$1760
337
337
336
336
344
349
349
347
336
343
337
337
334
351
334
338
338
332
334
315
343
343
339
354
348
336
336
376
341
339
327
327
345
320
339
332
332
301
316
313
313
304
320
328
319
319
317
331
346
317
317
319
311
324
319
319
321
325
330
325
325
343
329
318
335
335
329
305
322
315
315
319
308
313
316
316
328
297
308
297
297
297
288
291
287
287
294
293
296
295
295
290
295
283
292
292
306
293
275
283
283
291
288
286
295
295
$3571
$5314
$6975
$8495
$9604
$10767
$11913
$12025
$12709
$13707
$14701
$14782
$26673

